== BRAUER ==
1 1
2 1
3 1
4 1
5 2
6 2
7 5
8 1
9 3
10 4
11 15
12 3
13 9
14 14
15 4
16 1
17 2
18 7
19 31
20 6
21 26
22 40
23 4
24 4
25 13
26 22
27 5
28 23
29 114
30 12
31 64
32 1
33 2
34 4
35 43
36 12
37 33
38 87
39 18
40 8
41 20
42 78
43 4
44 69
45 14
46 8
47 183
48 5
49 11
50 34
51 4
52 35
53 171
54 16
55 139
56 32
57 148
58 308
59 33
60 24
61 76
62 201
63 80
64 1
65 2
66 4
67 23
68 6
69 26
70 134
71 1014
72 18
73 42
74 91
75 30
76 153
77 4
78 62
79 492
80 10
81 33
82 48
83 4
84 152
85 8
86 8
87 434
88 98
89 394
90 48
91 290
92 12
93 261
94 553
95 167
96 6
97 13
98 26
99 4
100 59
101 221

=== NON BRAUER
1 0
2 0
3 0
4 0
5 0
6 0
7 0
8 0
9 0
10 0
11 0
12 0
13 1
14 0
15 0
16 0
17 0
18 0
19 2
20 0
21 3
22 0
23 0
24 0
25 1
26 2
27 0
28 0
29 18
30 0
31 13
32 0
33 0
34 0
35 0
36 0
37 6
38 5
39 2
40 0
41 3
42 6
43 0
44 0
45 0
46 0
47 37
48 0
49 1
50 2
51 0
52 3
53 34
54 0
55 17
56 0
57 25
58 44
59 4
60 0
61 15
62 32
63 7
64 0
65 0
66 0
67 0
68 0
69 3
70 0
71 244
72 0
73 7
74 13
75 2
76 8
77 0
78 6
79 129
80 0
81 3
82 6
83 0
84 9
85 0
86 0
87 73
88 0
89 77
90 0
91 69
92 0
93 45
94 90
95 13
96 0
97 1
98 2
99 0
100 3
101 49